squareMatrix 182 50 2 159 903 72 a5 111111
factorial 31 100 4 99 403 18 a3 111010
mergeSort 226 50 4 48 1900 129 a5 101111
parg 2509 52 2 176 418 2518 a5 110011
genPassord 49 100 2 315 398 63 a5 000111
quickSort 127 50 2 161 1900 56 a5 110101
parg 2509 52 8 20 418 2518 a3 101010
primes 68 100 4 99 398 30 a5 111111
anagram 60 100 8 38 1370 37 a3 100010
massive 49 60 2 108138 169 13 a4 000000
bubbleSort 113 50 8 23 1900 41 a4 101010
massive 49 60 4 38521 169 13 a5 110000
primes 68 100 8 39 398 30 a5 101111
genPassord 49 100 8 37 398 63 a5 110111
transpose 149 50 4 52 903 40 a5 101111
mergeSort 226 50 2 163 1900 129 a5 111111
selectSort 92 50 2 158 1900 45 a5 110111
factorial 31 100 2 319 403 18 a5 010111
dictionaryOrder 71 100 4 97 8248 32 a5 110111
dictionaryOrder 71 100 8 40 8248 32 a2 110011
primes 68 100 2 325 398 30 a5 011111
massive 49 60 8 19252 169 13 a5 110001
quickSort 127 50 8 116 1900 56 a5 011111
mergeSort 226 50 8 21 1900 129 a2 110010
add 12 100 8 40 583 13 a4 100010
bubbleSort 113 50 2 160 1900 41 a5 001111
add 12 100 2 304 583 13 a4 101011
anagram 60 100 4 97 1370 37 a2 111010
factorial 31 100 8 38 403 18 a2 101010
squareMatrix 182 50 4 47 903 72 a5 111111
bubbleSort 113 50 4 161 1900 41 a5 001111
selectSort 92 50 8 21 1900 45 a2 100010
anagram 60 100 2 318 1370 37 a5 010111
add 12 100 4 97 583 13 a4 101011
parg 2509 52 4 55 418 2518 a3 110010
genPassord 49 100 4 98 398 63 a5 110111
transpose 149 50 8 20 903 40 a2 100011
dictionaryOrder 71 100 2 314 8248 32 a5 011111
squareMatrix 182 50 8 20 903 72 a3 110010
quickSort 127 50 4 160 1900 56 a5 010111
transpose 149 50 2 159 903 40 a5 000111
selectSort 92 50 4 50 1900 45 a3 101011
squareMatrix 182 50 2 159 903 72 a5 111111
factorial 31 100 4 99 403 18 a3 111010
mergeSort 226 50 4 48 1900 129 a5 101111
parg 2509 52 2 176 418 2518 a5 110011
genPassord 49 100 2 315 398 63 a5 000111
quickSort 127 50 2 161 1900 56 a5 110101
parg 2509 52 8 20 418 2518 a3 101010
primes 68 100 4 99 398 30 a5 111111
anagram 60 100 8 38 1370 37 a3 100010
massive 49 60 2 108138 169 13 a4 000000
bubbleSort 113 50 8 23 1900 41 a4 101010
massive 49 60 4 38521 169 13 a5 110000
primes 68 100 8 39 398 30 a5 101111
genPassord 49 100 8 37 398 63 a5 110111
transpose 149 50 4 52 903 40 a5 101111
mergeSort 226 50 2 163 1900 129 a5 111111
selectSort 92 50 2 158 1900 45 a5 110111
factorial 31 100 2 319 403 18 a5 010111
dictionaryOrder 71 100 4 97 8248 32 a5 110111
dictionaryOrder 71 100 8 40 8248 32 a2 110011
primes 68 100 2 325 398 30 a5 011111
massive 49 60 8 19252 169 13 a5 110001
quickSort 127 50 8 116 1900 56 a5 011111
mergeSort 226 50 8 21 1900 129 a2 110010
add 12 100 8 40 583 13 a4 100010
bubbleSort 113 50 2 160 1900 41 a5 001111
add 12 100 2 304 583 13 a4 101011
anagram 60 100 4 97 1370 37 a2 111010
factorial 31 100 8 38 403 18 a2 101010
squareMatrix 182 50 4 47 903 72 a5 111111
bubbleSort 113 50 4 161 1900 41 a5 001111
selectSort 92 50 8 21 1900 45 a2 100010
anagram 60 100 2 318 1370 37 a5 010111
add 12 100 4 97 583 13 a4 101011
parg 2509 52 4 55 418 2518 a3 110010
genPassord 49 100 4 98 398 63 a5 110111
transpose 149 50 8 20 903 40 a2 100011
dictionaryOrder 71 100 2 314 8248 32 a5 011111
squareMatrix 182 50 8 20 903 72 a3 110010
quickSort 127 50 4 160 1900 56 a5 010111
transpose 149 50 2 159 903 40 a5 000111
selectSort 92 50 4 50 1900 45 a3 101011
